151744
175715
175716
175717
175718
294414
326020
326022
326023
326024
326025
326027
326030
326032
326035
326344
326741
326742
337078
373137
373147
373148
373152
373154
373155
373156
373157
373158
373159
373161
376298
376891
424465
424466
424467
424469
424474
425013
425020
425034
425036
425037
425039
425043
425044
425045
425046
425047
425048
425231
425232
425233
425235
425237
425238
425239
425240
425244
430561
430562
430563
430565
430566
430567
430568
430571
430573
430576
430586
430587
430810
430811
430812
430814
430815
430817
430818
430819
430822
430824
430825
430826
430827
430829
430830
430831
430832
430833
430836
430837
430838
430842
430844
430846
430858
430859
431399
431401
431402
431406
431407
431557
431804
434531
45363
484602
484603
484604
484605
484607
484612
484613
484614
484615
484616
484617
484618
484619
484620
484621
484622
69140
