6666666.231802
6666666.231800
6666666.231799
6666666.231798
6666666.231797
6666666.231325
6666666.231323
6666666.231322
6666666.231321
6666666.231795
6666666.231794
6666666.231793
6666666.231683
6666666.231677
6666666.231792
6666666.231698
6666666.231690
6666666.231689
6666666.231688
6666666.231697
6666666.231691
6666666.231330
6666666.231694
6666666.231693
6666666.200491
6666666.200489
6666666.235814
6666666.235809
6666666.235548
6666666.235549
6666666.173672
6666666.173260
6666666.173258
6666666.235360
6666666.235361
6666666.173257
6666666.173256
6666666.173255
6666666.173254
6666666.173253
6666666.173671
6666666.173450
6666666.173252
6666666.235358
6666666.235359
6666666.151168
6666666.235354
6666666.235355
6666666.235356
6666666.200488
6666666.235897
6666666.235808
6666666.235813
6666666.685400
6666666.137480
6666666.831750
6666666.831760
6666666.831770
6666666.200467
6666666.231696
6666666.231695
6666666.202746
6666666.202414
6666666.200487
6666666.200486
6666666.200485
6666666.200484
6666666.200482
6666666.200478
6666666.200477
6666666.173250
6666666.831780
6666666.235364
6666666.235365
6666666.235368
6666666.235376
6666666.235377
6666666.235806
6666666.235501
6666666.235502
6666666.235503
6666666.235505
6666666.235506
6666666.235508
6666666.235509
6666666.235510
6666666.235513
6666666.235515
6666666.235516
6666666.235517
6666666.235518
6666666.237812
6666666.235520
6666666.235521
6666666.235522
6666666.235523
6666666.235524
6666666.236073
6666666.235527
6666666.235528
6666666.235529
6666666.235533
6666666.235535
6666666.235536
6666666.26261
6666666.180459
28447.144
33013.109
33013.108
28447.143
28447.142
28447.141
33013.107
33013.106
33013.105
33013.104
33013.103
28447.140
33013.102
33013.101
33013.100
33013.99
